30.0
29.808
29.626
29.4534
29.2894
29.1332
28.9844
28.8422
28.7063
28.5762
28.4513
28.3315
28.2162
28.1052
27.9981
27.8948
27.7949
27.6982
27.6045
27.5137
27.4255
27.3398
27.2565
27.1753
27.0962
27.019
26.9437
26.8702
26.7983
26.7279
26.6591
26.5917
26.5256
26.4608
26.3972
26.3348
26.2735
26.2132
26.154
26.0958
26.0385
25.9822
25.9267
25.872
25.8182
25.7651
25.7128
25.6613
25.6104
25.5603
25.5108
25.4619
25.4137
25.3661
25.3191
25.2726
25.2268
25.1814
25.1366
25.0924
25.0486
25.0053
24.9625
24.9202
24.8784
24.837
24.7961
24.7556
24.7155
24.6758
24.6366
24.5977
24.5593
24.5212
24.4835
24.4462
24.4093
24.3727
24.3365
24.3006
24.265
24.2299
24.195
24.1605
24.1262
24.0923
24.0588
24.0255
23.9925
23.9599
23.9275
23.8954
23.8636
23.8321
23.8008
23.7699
23.7392
23.7088
23.6786
23.6487
23.619
23.5897
23.5605
23.5316
23.503
23.4746
23.4464
23.4185
23.3908
23.3633
23.3361
23.3091
23.2823
23.2557
23.2293
23.2032
23.1773
23.1516
23.1261
23.1007
23.0756
23.0507
23.026
23.0015
22.9772
22.9531
22.9292
22.9054
22.8819
22.8585
22.8353
22.8123
22.7895
22.7668
22.7443
22.722
22.6999
22.6779
22.6562
22.6345
22.6131
22.5918
22.5706
22.5497
22.5288
22.5082
22.4877
22.4673
22.4471
22.4271
22.4072
22.3875
22.3679
22.3484
22.3291
22.31
22.2909
22.2721
22.2533
22.2347
22.2163
22.198
22.1798
22.1617
22.1438
22.126
22.1083
22.0908
22.0734
22.0561
22.039
22.022
22.0051
21.9883
21.9716
21.9551
21.9387
21.9224
21.9062
21.8902
21.8742
21.8584
21.8427
21.8271
21.8116
21.7962
21.781
21.7658
21.7508
21.7358
21.721
21.7063
21.6917
21.6772
21.6628
21.6485
21.6343
21.6202
21.6062
21.5923
21.5785
21.5648
21.5512
21.5377
21.5243
21.511
21.4978
21.4847
21.4717
21.4587
21.4459
21.4332
21.4205
21.4079
21.3955
21.3831
21.3708
21.3586
21.3465
21.3345
21.3225
21.3107
21.2989
21.2872
21.2756
21.2641
21.2527
21.2413
21.23
21.2189
21.2078
21.1967
21.1858
21.1749
21.1641
21.1534
21.1428
21.1322
21.1218
21.1114
21.101
21.0908
21.0806
21.0705
21.0605
21.0505
21.0406
21.0308
21.0211
21.0114
21.0018
20.9923
20.9829
